
#
#Feature symbol names
#
$0 r7.874
$1 r3.937
$2 r1.968

#
#Layer features
#
L 2.89 2.304916 2.89 2.379719 0 P 27
L 2.89 2.304916 3.098661 2.304916 0 P 27
L 3.098661 2.304916 3.098661 2.379719 0 P 27
L 2.89 2.379719 3.098661 2.379719 0 P 27
L 2.89 2.162773 2.89 2.237576 0 P 27
L 2.89 2.162773 3.098661 2.162773 0 P 27
L 3.098661 2.162773 3.098661 2.237576 0 P 27
L 2.89 2.237576 3.098661 2.237576 0 P 27
L 2.89 2.447058 2.89 2.521861 0 P 27
L 2.89 2.447058 3.098661 2.447058 0 P 27
L 3.098661 2.447058 3.098661 2.521861 0 P 27
L 2.89 2.521861 3.098661 2.521861 0 P 27
L 2.89 2.589201 2.89 2.66400400 0 P 27
L 2.89 2.589201 3.098661 2.589201 0 P 27
L 3.098661 2.589201 3.098661 2.66400400 0 P 27
L 2.89 2.66400400 3.098661 2.66400400 0 P 27
L 2.89 2.731344 2.89 2.8061470000 0 P 27
L 2.89 2.731344 3.098661 2.731344 0 P 27
L 3.098661 2.731344 3.098661 2.8061470000 0 P 27
L 2.89 2.8061470000 3.098661 2.8061470000 0 P 27
L 2.89 3.01563 2.89 3.090433 0 P 27
L 2.89 3.01563 3.098661 3.01563 0 P 27
L 3.098661 3.01563 3.098661 3.090433 0 P 27
L 2.89 3.090433 3.098661 3.090433 0 P 27
L 2.89 2.873487 2.89 2.94829 0 P 27
L 2.89 2.873487 3.098661 2.873487 0 P 27
L 3.098661 2.873487 3.098661 2.94829 0 P 27
L 2.89 2.94829 3.098661 2.94829 0 P 27
L 2.89 2.02063 2.89 2.095433000 0 P 27
L 2.89 2.02063 3.098661 2.02063 0 P 27
L 3.098661 2.02063 3.098661 2.095433000 0 P 27
L 2.89 2.095433000 3.098661 2.095433000 0 P 27
L 4.555118 2.032677 4.972441 2.032677 0 P 27
L 4.972441 2.032677 4.972441 3.085433 0 P 27
L 4.555118 3.085433 4.972441 3.085433 0 P 27
L 4.555118 2.032677 4.555118 3.085433 0 P 27
L 4.1889760000 2.8041330000 4.1889760000 2.865157 0 P 27
L 4.1889760000 2.8041330000 4.314961 2.8041330000 0 P 27
L 4.314961 2.8041330000 4.314961 2.865157 0 P 27
L 4.1889760000 2.865157 4.314961 2.865157 0 P 27
L 4.1889760000 2.702896 4.1889760000 2.76392 0 P 27
L 4.1889760000 2.702896 4.314961 2.702896 0 P 27
L 4.314961 2.702896 4.314961 2.76392 0 P 27
L 4.1889760000 2.76392 4.314961 2.76392 0 P 27
L 4.1889760000 2.601659 4.1889760000 2.6626820000 0 P 27
L 4.1889760000 2.601659 4.314961 2.601659 0 P 27
L 4.314961 2.601659 4.314961 2.6626820000 0 P 27
L 4.1889760000 2.6626820000 4.314961 2.6626820000 0 P 27
L 4.1889760000 2.500422 4.1889760000 2.561445 0 P 27
L 4.1889760000 2.500422 4.314961 2.500422 0 P 27
L 4.314961 2.500422 4.314961 2.561445 0 P 27
L 4.1889760000 2.561445 4.314961 2.561445 0 P 27
L 4.1889760000 2.399184 4.1889760000 2.460208 0 P 27
L 4.1889760000 2.399184 4.314961 2.399184 0 P 27
L 4.314961 2.399184 4.314961 2.460208 0 P 27
L 4.1889760000 2.460208 4.314961 2.460208 0 P 27
L 4.1889760000 2.297947 4.1889760000 2.358971 0 P 27
L 4.1889760000 2.297947 4.314961 2.297947 0 P 27
L 4.314961 2.297947 4.314961 2.358971 0 P 27
L 4.1889760000 2.358971 4.314961 2.358971 0 P 27
L 4.1889760000 2.19671 4.1889760000 2.257733 0 P 27
L 4.1889760000 2.19671 4.314961 2.19671 0 P 27
L 4.314961 2.19671 4.314961 2.257733 0 P 27
L 4.1889760000 2.257733 4.314961 2.257733 0 P 27
L 4.1889760000 2.095472 4.1889760000 2.156496 0 P 27
L 4.1889760000 2.095472 4.314961 2.095472 0 P 27
L 4.314961 2.095472 4.314961 2.156496 0 P 27
L 4.1889760000 2.156496 4.314961 2.156496 0 P 27
L 3.422244 2.084488 3.422244 2.145512 0 P 27
L 3.29626 2.145512 3.422244 2.145512 0 P 27
L 3.29626 2.084488 3.29626 2.145512 0 P 27
L 3.29626 2.084488 3.422244 2.084488 0 P 27
L 3.422244 2.201631 3.422244 2.262655 0 P 27
L 3.29626 2.262655 3.422244 2.262655 0 P 27
L 3.29626 2.201631 3.29626 2.262655 0 P 27
L 3.29626 2.201631 3.422244 2.201631 0 P 27
L 3.422244 2.318774 3.422244 2.379797 0 P 27
L 3.29626 2.379797 3.422244 2.379797 0 P 27
L 3.29626 2.318774 3.29626 2.379797 0 P 27
L 3.29626 2.318774 3.422244 2.318774 0 P 27
L 3.422244 2.435917 3.422244 2.49694 0 P 27
L 3.29626 2.49694 3.422244 2.49694 0 P 27
L 3.29626 2.435917 3.29626 2.49694 0 P 27
L 3.29626 2.435917 3.422244 2.435917 0 P 27
L 3.422244 2.553059 3.422244 2.614083 0 P 27
L 3.29626 2.614083 3.422244 2.614083 0 P 27
L 3.29626 2.553059 3.29626 2.614083 0 P 27
L 3.29626 2.553059 3.422244 2.553059 0 P 27
L 3.422244 2.670202 3.422244 2.731226 0 P 27
L 3.29626 2.731226 3.422244 2.731226 0 P 27
L 3.29626 2.670202 3.29626 2.731226 0 P 27
L 3.29626 2.670202 3.422244 2.670202 0 P 27
L 3.422244 2.7873450000 3.422244 2.848369 0 P 27
L 3.29626 2.848369 3.422244 2.848369 0 P 27
L 3.29626 2.7873450000 3.29626 2.848369 0 P 27
L 3.29626 2.7873450000 3.422244 2.7873450000 0 P 27
L 3.422244 2.9044880000 3.422244 2.9655110000 0 P 27
L 3.29626 2.9655110000 3.422244 2.9655110000 0 P 27
L 3.29626 2.9044880000 3.29626 2.9655110000 0 P 27
L 3.29626 2.9044880000 3.422244 2.9044880000 0 P 27
L 3.83 2.440315 3.83 2.479685 1 P 29
L 3.810315 2.46 3.849685 2.46 1 P 29
L 3.716535 3.232284 3.716535 3.53937 2 P 32
L 3.716535 3.232284 4.0236220000 3.232284 2 P 32
L 4.0236220000 3.232284 4.0236220000 3.53937 2 P 32
L 3.716535 3.53937 4.0236220000 3.53937 2 P 32
L 3.858268 3.385827 3.897638000 3.385827 2 P 32
L 3.877953000 3.366142 3.877953000 3.405512 2 P 32
