
#
#Feature symbol names
#
$0 r7.874
$1 r3.937

#
#Layer features
#
L 2.92937 2.308852 2.92937 2.375782 0 P 27
L 2.92937 2.308852 3.059291 2.308852 0 P 27
L 3.059291 2.308852 3.059291 2.375782 0 P 27
L 2.92937 2.375782 3.059291 2.375782 0 P 27
L 2.92937 2.16671 2.92937 2.233639 0 P 27
L 2.92937 2.16671 3.059291 2.16671 0 P 27
L 3.059291 2.16671 3.059291 2.233639 0 P 27
L 2.92937 2.233639 3.059291 2.233639 0 P 27
L 2.92937 2.45099500 2.92937 2.517925 0 P 27
L 2.92937 2.45099500 3.059291 2.45099500 0 P 27
L 3.059291 2.45099500 3.059291 2.517925 0 P 27
L 2.92937 2.517925 3.059291 2.517925 0 P 27
L 2.92937 2.5931380000 2.92937 2.660067 0 P 27
L 2.92937 2.5931380000 3.059291 2.5931380000 0 P 27
L 3.059291 2.5931380000 3.059291 2.660067 0 P 27
L 2.92937 2.660067 3.059291 2.660067 0 P 27
L 2.92937 2.735281 2.92937 2.80221 0 P 27
L 2.92937 2.735281 3.059291 2.735281 0 P 27
L 3.059291 2.735281 3.059291 2.80221 0 P 27
L 2.92937 2.80221 3.059291 2.80221 0 P 27
L 2.92937 3.0195660000 2.92937 3.086496 0 P 27
L 2.92937 3.0195660000 3.059291 3.0195660000 0 P 27
L 3.059291 3.0195660000 3.059291 3.086496 0 P 27
L 2.92937 3.086496 3.059291 3.086496 0 P 27
L 2.92937 2.877424 2.92937 2.944353 0 P 27
L 2.92937 2.877424 3.059291 2.877424 0 P 27
L 3.059291 2.877424 3.059291 2.944353 0 P 27
L 2.92937 2.944353 3.059291 2.944353 0 P 27
L 2.92937 2.024567 2.92937 2.091496 0 P 27
L 2.92937 2.024567 3.059291 2.024567 0 P 27
L 3.059291 2.024567 3.059291 2.091496 0 P 27
L 2.92937 2.091496 3.059291 2.091496 0 P 27
L 4.63779500 2.036614 4.889764 2.036614 0 P 27
L 4.889764 2.036614 4.889764 3.081496 0 P 27
L 4.63779500 3.081496 4.889764 3.081496 0 P 27
L 4.63779500 2.036614 4.63779500 3.081496 0 P 27
L 4.21063 2.80807 4.21063 2.86122 0 P 27
L 4.21063 2.80807 4.2933070000 2.80807 0 P 27
L 4.2933070000 2.80807 4.2933070000 2.86122 0 P 27
L 4.21063 2.86122 4.2933070000 2.86122 0 P 27
L 4.21063 2.706833 4.21063 2.759983 0 P 27
L 4.21063 2.706833 4.2933070000 2.706833 0 P 27
L 4.2933070000 2.706833 4.2933070000 2.759983 0 P 27
L 4.21063 2.759983 4.2933070000 2.759983 0 P 27
L 4.21063 2.6055960000 4.21063 2.6587450000 0 P 27
L 4.21063 2.6055960000 4.2933070000 2.6055960000 0 P 27
L 4.2933070000 2.6055960000 4.2933070000 2.6587450000 0 P 27
L 4.21063 2.6587450000 4.2933070000 2.6587450000 0 P 27
L 4.21063 2.504359 4.21063 2.557508 0 P 27
L 4.21063 2.504359 4.2933070000 2.504359 0 P 27
L 4.2933070000 2.504359 4.2933070000 2.557508 0 P 27
L 4.21063 2.557508 4.2933070000 2.557508 0 P 27
L 4.21063 2.403121 4.21063 2.456271 0 P 27
L 4.21063 2.403121 4.2933070000 2.403121 0 P 27
L 4.2933070000 2.403121 4.2933070000 2.456271 0 P 27
L 4.21063 2.456271 4.2933070000 2.456271 0 P 27
L 4.21063 2.30188400 4.21063 2.355034 0 P 27
L 4.21063 2.30188400 4.2933070000 2.30188400 0 P 27
L 4.2933070000 2.30188400 4.2933070000 2.355034 0 P 27
L 4.21063 2.355034 4.2933070000 2.355034 0 P 27
L 4.21063 2.200647 4.21063 2.253796 0 P 27
L 4.21063 2.200647 4.2933070000 2.200647 0 P 27
L 4.2933070000 2.200647 4.2933070000 2.253796 0 P 27
L 4.21063 2.253796 4.2933070000 2.253796 0 P 27
L 4.21063 2.099409 4.21063 2.152559 0 P 27
L 4.21063 2.099409 4.2933070000 2.099409 0 P 27
L 4.2933070000 2.099409 4.2933070000 2.152559 0 P 27
L 4.21063 2.152559 4.2933070000 2.152559 0 P 27
L 3.400591 2.088425 3.400591 2.141575 0 P 27
L 3.317913 2.141575 3.400591 2.141575 0 P 27
L 3.317913 2.088425 3.317913 2.141575 0 P 27
L 3.317913 2.088425 3.400591 2.088425 0 P 27
L 3.400591 2.205568 3.400591 2.258718 0 P 27
L 3.317913 2.258718 3.400591 2.258718 0 P 27
L 3.317913 2.205568 3.317913 2.258718 0 P 27
L 3.317913 2.205568 3.400591 2.205568 0 P 27
L 3.400591 2.322711 3.400591 2.37586 0 P 27
L 3.317913 2.37586 3.400591 2.37586 0 P 27
L 3.317913 2.322711 3.317913 2.37586 0 P 27
L 3.317913 2.322711 3.400591 2.322711 0 P 27
L 3.400591 2.439854 3.400591 2.493003 0 P 27
L 3.317913 2.493003 3.400591 2.493003 0 P 27
L 3.317913 2.439854 3.317913 2.493003 0 P 27
L 3.317913 2.439854 3.400591 2.439854 0 P 27
L 3.400591 2.556996 3.400591 2.610146 0 P 27
L 3.317913 2.610146 3.400591 2.610146 0 P 27
L 3.317913 2.556996 3.317913 2.610146 0 P 27
L 3.317913 2.556996 3.400591 2.556996 0 P 27
L 3.400591 2.674139 3.400591 2.727289 0 P 27
L 3.317913 2.727289 3.400591 2.727289 0 P 27
L 3.317913 2.674139 3.317913 2.727289 0 P 27
L 3.317913 2.674139 3.400591 2.674139 0 P 27
L 3.400591 2.791282 3.400591 2.844432 0 P 27
L 3.317913 2.844432 3.400591 2.844432 0 P 27
L 3.317913 2.791282 3.317913 2.844432 0 P 27
L 3.317913 2.791282 3.400591 2.791282 0 P 27
L 3.400591 2.908425 3.400591 2.961574 0 P 27
L 3.317913 2.961574 3.400591 2.961574 0 P 27
L 3.317913 2.908425 3.317913 2.961574 0 P 27
L 3.317913 2.908425 3.400591 2.908425 0 P 27
L 3.743386 3.119449 3.743386 3.119449 1 P 29
A 3.743386 3.119449 3.704016 3.119449 3.723701 3.119449 1 P 29 N
L 3.704016 3.119449 3.704016 3.119449 1 P 29
A 3.704016 3.119449 3.743386 3.119449 3.723701 3.119449 1 P 29 N
L 3.740157 3.282677 3.740157 3.488977 1 P 29
L 3.740157 3.508662000 3.740157 3.531496 1 P 29
L 3.72441 3.486024 3.72441 3.511614 1 P 29
L 3.72441 3.511614 3.740157 3.508662000 1 P 29
L 3.72441 3.486024 3.740157 3.488977 1 P 29
L 3.740157 3.240157 3.740157 3.262992 1 P 29
L 3.72441 3.28563 3.740157 3.282677 1 P 29
L 3.72441 3.260039 3.740157 3.262992 1 P 29
L 3.72441 3.260039 3.72441 3.28563 1 P 29
L 4.015748 3.240157 4.015748 3.531496 1 P 29
L 3.740157 3.240157 4.015748 3.240157 1 P 29
L 3.740157 3.531496 4.015748 3.531496 1 P 29
L 3.688268 1.765118 3.971732 1.765118 1 P 29
L 3.688268 3.154882 3.971732 3.154882 1 P 29
L 3.971732 1.765118 3.971732 3.154882 1 P 29
L 3.688268 1.765118 3.688268 3.154882 1 P 29
