
#
#Feature symbol names
#
#Layer_Physical_Order=1
$0 r3.937

#
#Layer features
#
L 2.994331 2.322632 2.994331 2.362002 0 P 29
L 2.974646 2.342317 3.014016 2.342317 0 P 29
L 2.994331 2.180489 2.994331 2.219859 0 P 29
L 2.974646 2.200174 3.014016 2.200174 0 P 29
L 2.994331 2.464775 2.994331 2.50414500 0 P 29
L 2.974646 2.48446 3.014016 2.48446 0 P 29
L 2.994331 2.606918 2.994331 2.646288 0 P 29
L 2.974646 2.626603 3.014016 2.626603 0 P 29
L 2.994331 2.749061 2.994331 2.78843 0 P 29
L 2.974646 2.768745 3.014016 2.768745 0 P 29
L 2.994331 3.033346 2.994331 3.0727160000 0 P 29
L 2.974646 3.053031 3.014016 3.053031 0 P 29
L 2.994331 2.891203 2.994331 2.930573 0 P 29
L 2.974646 2.910888 3.014016 2.910888 0 P 29
L 2.994331 2.038347 2.994331 2.0777160000 0 P 29
L 2.974646 2.058032 3.014016 2.058032 0 P 29
L 4.744095 2.559055 4.783465 2.559055 0 P 29
L 4.763779 2.53937 4.763779 2.57874000 0 P 29
L 4.251968000 2.81496 4.251968000 2.85433 0 P 29
L 4.232283 2.834645 4.271654 2.834645 0 P 29
L 4.251968000 2.713723 4.251968000 2.7530930000 0 P 29
L 4.232283 2.733408 4.271654 2.733408 0 P 29
L 4.251968000 2.612486 4.251968000 2.651856 0 P 29
L 4.232283 2.632171 4.271654 2.632171 0 P 29
L 4.251968000 2.511248 4.251968000 2.550618 0 P 29
L 4.232283 2.530933 4.271654 2.530933 0 P 29
L 4.251968000 2.410011 4.251968000 2.4493810000 0 P 29
L 4.232283 2.429696 4.271654 2.429696 0 P 29
L 4.251968000 2.308774 4.251968000 2.3481440000 0 P 29
L 4.232283 2.3284590000 4.271654 2.3284590000 0 P 29
L 4.251968000 2.207537 4.251968000 2.246907 0 P 29
L 4.232283 2.227222 4.271654 2.227222 0 P 29
L 4.251968000 2.106299 4.251968000 2.145669000 0 P 29
L 4.232283 2.125984000 4.271654 2.125984000 0 P 29
L 3.359252 2.095315 3.359252 2.134685 0 P 29
L 3.339567 2.115 3.378937 2.115 0 P 29
L 3.359252 2.212458 3.359252 2.251828 0 P 29
L 3.339567 2.232143 3.378937 2.232143 0 P 29
L 3.359252 2.329601 3.359252 2.368971 0 P 29
L 3.339567 2.349286 3.378937 2.349286 0 P 29
L 3.359252 2.446743 3.359252 2.486113 0 P 29
L 3.339567 2.466428 3.378937 2.466428 0 P 29
L 3.359252 2.563886 3.359252 2.603256 0 P 29
L 3.339567 2.583571 3.378937 2.583571 0 P 29
L 3.359252 2.681029 3.359252 2.720399 0 P 29
L 3.339567 2.700714 3.378937 2.700714 0 P 29
L 3.359252 2.798172 3.359252 2.837542 0 P 29
L 3.339567 2.817857 3.378937 2.817857 0 P 29
L 3.359252 2.915315 3.359252 2.954685 0 P 29
L 3.339567 2.935 3.378937 2.935 0 P 29
